1000	4.1835953016e-04
2000	8.3143287338e-04
3000	1.3075621682e-03
4000	1.7100632540e-03
5000	2.1725997212e-03
6000	2.6823337539e-03
7000	2.6173898368e-03
8000	3.6089169444e-03
9000	4.1590520996e-03
10000	3.5073477193e-03
11000	3.9887632011e-03
12000	5.3525849362e-03
13000	5.7418706710e-03
14000	6.2391445390e-03
15000	6.3165486208e-03
16000	5.1328329137e-03
17000	6.3897992368e-03
18000	5.7369621354e-03
19000	7.7245472930e-03
20000	1.0756520845e-02
21000	1.0094244150e-02
22000	9.5950824325e-03
23000	1.0422361840e-02
24000	1.0347223317e-02
25000	8.7957438664e-03
26000	7.9156031134e-03
27000	8.3324523293e-03
28000	1.2704082415e-02
29000	1.2644802220e-02
30000	8.9328056783e-03
31000	9.2273187474e-03
32000	9.6003685030e-03
33000	9.7838727525e-03
34000	1.6925812932e-02
35000	1.5343749546e-02
36000	1.5540846682e-02
37000	1.3211928541e-02
38000	1.2934029044e-02
39000	1.9537161512e-02
40000	2.0145821676e-02
41000	1.6173672047e-02
42000	2.0344429184e-02
43000	1.8954176805e-02
44000	1.9028937793e-02
45000	2.1749784763e-02
46000	2.2675612825e-02
47000	1.7841823865e-02
48000	2.1022941801e-02
49000	2.2451329860e-02
50000	1.7705894774e-02
51000	1.9525456533e-02
52000	1.6529353103e-02
53000	2.3166467785e-02
54000	2.0927791425e-02
55000	1.7557505576e-02
56000	2.3872543825e-02
57000	2.7118605678e-02
58000	1.9508087775e-02
59000	2.4027729523e-02
60000	2.5051728589e-02
61000	3.0113953864e-02
62000	2.3400190286e-02
63000	2.4582395679e-02
64000	2.1246092045e-02
65000	2.1557973756e-02
66000	2.1656899946e-02
67000	2.4238797138e-02
68000	2.1858528082e-02
69000	2.0765431691e-02
70000	2.1142257378e-02
71000	2.4533687741e-02
72000	2.1944616456e-02
73000	2.2609536187e-02
74000	2.2575553914e-02
75000	2.3218951537e-02
76000	2.2989760037e-02
77000	2.3205736186e-02
78000	2.3184214078e-02
79000	2.7068765019e-02
80000	2.4373971100e-02
81000	2.4309027242e-02
82000	2.4463835289e-02
83000	2.4893522204e-02
84000	2.5315657491e-02
85000	2.5829167338e-02
86000	2.5658500846e-02
87000	3.5721405759e-02
88000	2.7175997908e-02
89000	2.7458050754e-02
90000	2.6895077899e-02
91000	2.7218286938e-02
92000	2.8175076644e-02
93000	2.8254368575e-02
94000	3.1536300608e-02
95000	2.9157164216e-02
96000	2.9031429847e-02
97000	2.9326697986e-02
98000	2.9592892446e-02
99000	2.9671429249e-02
100000	3.3396263432e-02
101000	3.1120584172e-02
102000	3.0867227470e-02
103000	3.1147014815e-02
104000	3.1458896585e-02
105000	3.1846294412e-02
106000	3.5981181427e-02
107000	3.3096464351e-02
108000	3.2881620922e-02
109000	3.3365679381e-02
110000	3.2985455589e-02
111000	3.3719850180e-02
112000	3.5983069276e-02
113000	3.4691365494e-02
114000	3.4686834493e-02
115000	3.7139599153e-02
116000	3.5497122793e-02
117000	4.0591820085e-02
118000	3.6813369370e-02
119000	3.6639304657e-02
120000	3.7084094773e-02
121000	3.7026324950e-02
122000	4.2669269431e-02
123000	3.8413179107e-02
124000	3.9763407898e-02
125000	3.8388258778e-02
126000	3.8668423658e-02
127000	4.9003186810e-02
128000	3.9974097977e-02
129000	4.0056788130e-02
130000	3.9721873996e-02
131000	4.2389104550e-02
132000	4.1556161363e-02
133000	4.1218981729e-02
134000	4.1604114114e-02
135000	4.1692845640e-02
136000	4.5933832764e-02
137000	4.2741387384e-02
138000	4.2730059999e-02
139000	4.2799534800e-02
140000	4.7690716048e-02
141000	4.4955898600e-02
142000	4.4614187966e-02
143000	4.4468819397e-02
144000	4.5936853392e-02
145000	4.8224237631e-02
146000	4.6167555207e-02
147000	4.5412016101e-02
148000	4.5587213594e-02
149000	5.0509734021e-02
150000	4.6857395326e-02
151000	4.6823790646e-02
152000	4.7324085084e-02
153000	5.0143103057e-02
154000	4.7821358952e-02
155000	4.8522526457e-02
156000	4.8328072357e-02
157000	5.9828427271e-02
158000	4.8969959666e-02
159000	5.0559952273e-02
160000	5.3303831723e-02
161000	5.0598087953e-02
162000	4.9769298115e-02
163000	4.9751551880e-02
164000	5.5806059390e-02
165000	5.1286795235e-02
166000	5.1218075503e-02
167000	5.0925072865e-02
168000	5.5633882585e-02
169000	5.1622464554e-02
170000	5.1873555756e-02
171000	5.3285330243e-02
172000	5.5308785522e-02
173000	5.3309495444e-02
174000	5.3420881741e-02
175000	5.8392487641e-02
176000	5.3922686551e-02
177000	5.4279500386e-02
178000	6.0649287887e-02
179000	5.7230671635e-02
180000	5.4944042524e-02
181000	5.4999169311e-02
182000	6.1606832664e-02
183000	5.6179864332e-02
184000	5.5972572532e-02
185000	6.0152391612e-02
186000	5.7661868865e-02
187000	5.6891604094e-02
188000	5.9032864636e-02
189000	5.8749679069e-02
190000	5.8024346421e-02
191000	6.0923789104e-02
192000	6.1865475494e-02
193000	5.8789702656e-02
194000	5.9182009019e-02
195000	6.2985002471e-02
196000	6.0335518268e-02
197000	5.9619247564e-02
198000	6.8013245531e-02
199000	6.1127682740e-02
200000	6.0758408683e-02
201000	6.3201356272e-02
202000	6.2701439369e-02
203000	6.1883599381e-02
204000	6.4408859529e-02
205000	6.3769992907e-02
206000	6.3108093804e-02
207000	6.4531950920e-02
208000	6.6286191111e-02
209000	6.3657851424e-02
210000	6.8424053432e-02
211000	6.5255773196e-02
212000	6.4386582235e-02
213000	6.9302683871e-02
214000	6.5530652006e-02
215000	6.5607678436e-02
216000	7.3748697352e-02
217000	6.6635453375e-02
218000	6.6580704122e-02
219000	7.3735859594e-02
220000	6.7282626755e-02
221000	6.8953421607e-02
222000	7.1971802274e-02
223000	7.0631768089e-02
224000	7.2481913900e-02
225000	7.0660841884e-02
226000	7.0366328873e-02
227000	7.3876319628e-02
228000	7.1793961746e-02
229000	7.0712570392e-02
230000	7.5580719218e-02
231000	7.1393726103e-02
232000	7.3070939863e-02
233000	7.6152376481e-02
234000	7.5490854972e-02
235000	8.2377173007e-02
236000	7.3920496565e-02
237000	7.5330760737e-02
238000	7.9752986669e-02
239000	7.4243705720e-02
240000	7.8372551419e-02
241000	7.5463291607e-02
242000	7.5291869929e-02
243000	7.9111854488e-02
244000	7.6696092787e-02
245000	8.1354684255e-02
246000	7.7573968039e-02
247000	8.1075652095e-02
248000	8.1847804715e-02
249000	7.7834876371e-02
250000	8.2785337756e-02
251000	7.8503949509e-02
252000	8.2933727012e-02
253000	8.0428856192e-02
254000	7.8991783841e-02
255000	8.4350410034e-02
256000	7.9779794905e-02
257000	8.2862741838e-02
258000	8.1571793184e-02
259000	8.3477065782e-02
260000	8.4168793692e-02
261000	8.0752442940e-02
262000	8.4902055503e-02
263000	8.2222364843e-02
264000	8.6066137068e-02
265000	8.2832157786e-02
266000	8.4024935437e-02
267000	8.7449215353e-02
268000	8.3404570236e-02
269000	8.8098654291e-02
270000	8.6505641055e-02
271000	8.9104529470e-02
272000	8.5244898859e-02
273000	8.8516258635e-02
274000	8.5816556180e-02
275000	8.6701227876e-02
276000	8.7903445063e-02
277000	8.6906631826e-02
278000	9.0341861593e-02
279000	8.7438643153e-02
280000	9.3660796585e-02
281000	8.8928576850e-02
282000	9.2572608788e-02
283000	8.7999350566e-02
284000	9.4344972866e-02
285000	8.9374499687e-02
286000	9.4452960941e-02
287000	9.0524233121e-02
288000	9.4080288720e-02
289000	9.2691546713e-02
290000	9.5316110644e-02
291000	9.2110827507e-02
292000	9.5631390577e-02
293000	9.2054567998e-02
294000	9.6151696809e-02
295000	9.2226367211e-02
296000	9.5910045144e-02
297000	9.4465421163e-02
298000	9.8723776988e-02
299000	9.3976076518e-02
300000	1.0046555707e-01
301000	9.4623627490e-02
302000	9.8249913135e-02
303000	9.5107686066e-02
304000	9.7577819368e-02
305000	9.6587802633e-02
306000	9.9483469559e-02
307000	9.6942350967e-02
308000	9.9120236817e-02
309000	9.8200072476e-02
310000	1.0236025736e-01
311000	9.8844980472e-02
312000	1.0324153083e-01
313000	9.7509099694e-02
314000	1.0109838244e-01
315000	9.7854963678e-02
316000	1.0267138394e-01
317000	9.8915210459e-02
318000	1.0359872226e-01
319000	1.0031112656e-01
320000	1.0406881035e-01
321000	9.9156106997e-02
322000	1.0418586037e-01
323000	9.9479316152e-02
324000	1.0463253839e-01
325000	1.0341257497e-01
326000	1.0158885986e-01
327000	1.0468313424e-01
328000	1.0259020404e-01
329000	1.0556138708e-01
330000	1.0182409268e-01
331000	1.0685950977e-01
332000	1.0224056424e-01
333000	1.0705925000e-01
334000	1.0294550756e-01
335000	1.0833169718e-01
336000	1.0819765599e-01
337000	1.0598163446e-01
338000	1.1029662745e-01
339000	1.0522080923e-01
340000	1.0955694673e-01
341000	1.0533446103e-01
342000	1.1072065064e-01
343000	1.0867567325e-01
344000	1.0734168038e-01
345000	1.1325346242e-01
346000	1.0794429929e-01
347000	1.1291439488e-01
348000	1.0828223405e-01
349000	1.1092832003e-01
350000	1.1227213003e-01
351000	1.0906420380e-01
352000	1.1411019316e-01
353000	1.0994963074e-01
354000	1.1586707650e-01
355000	1.1308241833e-01
356000	1.1341997550e-01
357000	1.1628203775e-01
358000	1.1137386534e-01
359000	1.1571830965e-01
360000	1.1332142696e-01
361000	1.1327083112e-01
362000	1.1776253191e-01
363000	1.1265990546e-01
364000	1.1802948156e-01
365000	1.1392253550e-01
366000	1.1804873816e-01
367000	1.1816087959e-01
368000	1.1374318466e-01
369000	1.2082773255e-01
370000	1.1799285613e-01
371000	1.1817145185e-01
372000	1.1896399391e-01
373000	1.1588557792e-01
374000	1.2193442177e-01
375000	1.2027231121e-01
376000	1.1779915722e-01
377000	1.2277755962e-01
378000	1.1898174020e-01
379000	1.2119360833e-01
380000	1.2203297036e-01
381000	1.1813973507e-01
382000	1.2977450876e-01
383000	1.2420292699e-01
384000	1.1923509691e-01
385000	1.2680559122e-01
386000	1.2542024738e-01
387000	1.2071332562e-01
388000	1.2428108620e-01
389000	1.1977050640e-01
390000	1.2284741207e-01
391000	1.2562338583e-01
392000	1.2155872892e-01
393000	1.2761852262e-01
394000	1.2660056486e-01
395000	1.2220401445e-01
396000	1.2958383048e-01
397000	1.2867310568e-01
398000	1.2340509886e-01
399000	1.2839747174e-01
400000	1.2827249250e-01
401000	1.2455294438e-01
402000	1.2853793177e-01
403000	1.2744936638e-01
404000	1.2494109740e-01
405000	1.3119685551e-01
406000	1.2999690382e-01
407000	1.2618824665e-01
408000	1.3132674334e-01
409000	1.3056893868e-01
410000	1.2797269336e-01
411000	1.3312855869e-01
412000	1.3654793013e-01
413000	1.2873427378e-01
414000	1.3919930224e-01
415000	1.3860536768e-01
416000	1.2969332887e-01
417000	1.2940825545e-01
418000	1.3606047333e-01
419000	1.3346385042e-01
420000	1.3192936219e-01
421000	1.4184123487e-01
422000	1.4226110466e-01
423000	1.3237906090e-01
424000	1.3640595973e-01
425000	1.3691607135e-01
426000	1.3445990847e-01
427000	1.3361677062e-01
428000	1.3868050626e-01
429000	1.3851399312e-01
430000	1.3419748988e-01
431000	1.4013872319e-01
432000	1.3979134889e-01
433000	1.3586299855e-01
434000	1.3917438191e-01
435000	1.4151236200e-01
436000	1.4065147785e-01
437000	1.3742316229e-01
438000	1.3829424116e-01
439000	1.4510277746e-01
440000	1.4121520595e-01
441000	1.3950929604e-01
442000	1.4299965266e-01
443000	1.4297813049e-01
444000	1.4248274459e-01
445000	1.4028409176e-01
446000	1.4314049028e-01
447000	1.4784967754e-01
448000	1.4522737911e-01
449000	1.4044116536e-01
450000	1.4658666990e-01
451000	1.4691554272e-01
452000	1.4829673315e-01
453000	1.4831636735e-01
454000	1.4814645605e-01
455000	1.5078461281e-01
456000	1.4602596243e-01
457000	1.4306459652e-01
458000	1.4728783740e-01
459000	1.4863240247e-01
460000	1.5012460161e-01
461000	1.4448656567e-01
462000	1.4744453336e-01
463000	1.4893748774e-01
464000	1.5049651871e-01
465000	1.4696689369e-01
466000	1.4788177190e-01
467000	1.5173309570e-01
468000	1.5074156865e-01
469000	1.5116672456e-01
470000	1.4695254568e-01
471000	1.5214050532e-01
472000	1.5872513631e-01
473000	1.5630559879e-01
474000	1.5236365556e-01
475000	1.4920254942e-01
476000	1.5845290053e-01
477000	1.6059944720e-01
478000	1.5597219497e-01
479000	1.5570751083e-01
480000	1.5810137289e-01
481000	1.5103457129e-01
482000	1.5720914956e-01
483000	1.5709172189e-01
484000	1.5868549031e-01
485000	1.5777589829e-01
486000	1.5306369035e-01
487000	1.5557573515e-01
488000	1.5715515544e-01
489000	1.6317492560e-01
490000	1.6325874854e-01
491000	1.5781554423e-01
492000	1.5583173494e-01
493000	1.5587440156e-01
494000	1.6048352991e-01
495000	1.6014106415e-01
496000	1.6622879880e-01
497000	1.6158531059e-01
498000	1.5783706633e-01
499000	1.5743381006e-01
500000	1.6153471475e-01
501000	1.6449268244e-01
502000	1.6470752592e-01
503000	1.6528900032e-01
504000	1.6224456660e-01
505000	1.6123151738e-01
506000	1.6081127001e-01
507000	1.6423101904e-01
508000	1.6481475887e-01
509000	1.7074844061e-01
510000	1.7010579811e-01
511000	1.7385479755e-01
512000	2.5590120978e-01
513000	3.1704626122e-01
514000	2.1614497592e-01
515000	1.8893650605e-01
516000	1.7493656644e-01
517000	1.7564528552e-01
518000	1.7090324871e-01
519000	1.6924264852e-01
520000	1.7053359718e-01
521000	1.6980373353e-01
522000	1.6603019135e-01
523000	1.6979089577e-01
524000	1.7312644422e-01
525000	1.7056002776e-01
526000	1.7112790927e-01
527000	1.7278284574e-01
528000	1.7683239945e-01
529000	1.7712540209e-01
530000	2.0311164303e-01
531000	1.8572102819e-01
532000	1.7677576235e-01
533000	1.7348174780e-01
534000	1.7066121940e-01
535000	1.7018735560e-01
536000	1.7463412427e-01
537000	1.7757661111e-01
538000	1.8199090788e-01
539000	1.9201152376e-01
540000	2.1750615456e-01
541000	1.8291749101e-01
542000	1.8010866770e-01
543000	1.8674011866e-01
544000	1.8356390932e-01
545000	1.8113040127e-01
546000	1.8088723929e-01
547000	1.8671708630e-01
548000	2.2376719880e-01
549000	1.8174623552e-01
550000	1.8572178337e-01
551000	1.8097748107e-01
552000	1.8247798708e-01
553000	1.8149438914e-01
554000	1.8057497998e-01
555000	1.8161181675e-01
556000	1.7959213722e-01
557000	1.8395961396e-01
558000	2.1672871575e-01
559000	1.8391619215e-01
560000	1.8038996542e-01
561000	2.2206846293e-01
562000	1.9055746024e-01
563000	1.8633195391e-01
564000	1.8133127427e-01
565000	1.8412801495e-01
566000	1.8300924316e-01
567000	1.8830707885e-01
568000	1.8711769948e-01
569000	1.8724720966e-01
570000	1.9161166577e-01
571000	1.8793289631e-01
572000	1.9017157267e-01
573000	1.8741863134e-01
574000	1.8813263654e-01
575000	1.8822212325e-01
576000	2.0030206459e-01
577000	1.9626572623e-01
578000	1.9436045375e-01
579000	1.9090445695e-01
580000	1.8978417484e-01
581000	1.9234001898e-01
582000	2.0226019842e-01
583000	1.9284673239e-01
584000	1.9150896376e-01
585000	1.9110419718e-01
586000	1.9186124660e-01
587000	1.9383410615e-01
588000	1.9648208003e-01
589000	1.9291318662e-01
590000	1.9386620051e-01
591000	1.9352184684e-01
592000	1.9375254872e-01
593000	1.9523832895e-01
594000	2.0042175771e-01
595000	1.9457416440e-01
596000	1.9735617947e-01
597000	1.9382051320e-01
598000	1.9641977915e-01
599000	1.9726933591e-01
600000	2.0145406353e-01
601000	2.0008042472e-01
602000	1.9649907114e-01
603000	1.9847834954e-01
604000	1.9827634381e-01
605000	1.9380352210e-01
606000	2.1768059686e-01
607000	2.1902440680e-01
608000	2.0142272429e-01
609000	2.0077932667e-01
610000	2.0263513620e-01
611000	2.0766111370e-01
612000	2.0411827340e-01
613000	1.9933508028e-01
614000	2.0484285086e-01
615000	2.0289868757e-01
616000	2.0207631658e-01
617000	2.0430555346e-01
618000	2.0451737626e-01
619000	2.3770672549e-01
620000	2.2542440076e-01
621000	2.1256588784e-01
622000	2.2257593146e-01
623000	2.1676496352e-01
624000	2.0393627946e-01
625000	2.0352698193e-01
626000	2.0357229165e-01
627000	2.0661559259e-01
628000	2.1382172144e-01
629000	2.5332459866e-01
630000	2.0720348583e-01
631000	2.0686517347e-01
632000	2.0637998218e-01
633000	2.0958526526e-01
634000	2.0682514989e-01
635000	2.0567768195e-01
636000	2.0858090045e-01
637000	2.0592310949e-01
638000	2.1322740935e-01
639000	2.0759428194e-01
640000	2.0813195693e-01
641000	2.0822219877e-01
642000	2.0828752016e-01
643000	2.0794618718e-01
644000	2.2916509339e-01
645000	3.0928961950e-01
646000	2.1108350577e-01
647000	2.4528514902e-01
648000	2.1888998803e-01
649000	2.1867174644e-01
650000	2.2037199262e-01
651000	2.2968955309e-01
652000	2.2852962499e-01
653000	2.3681110388e-01
654000	2.3491225019e-01
655000	2.2529753362e-01
656000	2.3562172451e-01
657000	2.2849564272e-01
658000	2.3354087688e-01
659000	2.3937449971e-01
660000	2.3365490627e-01
661000	2.3973546689e-01
662000	2.3453240399e-01
663000	2.4025766109e-01
664000	2.4325980578e-01
665000	2.3697723943e-01
666000	2.3315196868e-01
667000	2.2543723852e-01
668000	2.1870308561e-01
669000	2.2501472570e-01
670000	2.1819410671e-01
671000	2.2180302371e-01
672000	2.1807328088e-01
673000	2.1911464859e-01
674000	2.2048300132e-01
675000	2.1917694941e-01
676000	2.2067330207e-01
677000	2.2191705304e-01
678000	2.2214775492e-01
679000	2.2583520861e-01
680000	2.2246303485e-01
681000	2.2139297094e-01
682000	2.2048677714e-01
683000	2.2063818702e-01
684000	2.2262954799e-01
685000	2.3254595161e-01
686000	2.2386801289e-01
687000	2.2230860428e-01
688000	2.2439889144e-01
689000	2.2599379258e-01
690000	2.2579405236e-01
691000	2.3043678544e-01
692000	2.2462053131e-01
693000	2.2632077755e-01
694000	2.2412892117e-01
695000	2.2703478276e-01
696000	2.2831515915e-01
697000	2.5583249005e-01
698000	2.3906639381e-01
699000	2.2916207276e-01
700000	2.3229448282e-01
701000	2.3619187146e-01
702000	2.2972693364e-01
703000	2.3575463291e-01
704000	2.3296506621e-01
705000	2.3456714139e-01
706000	2.3297865916e-01
707000	2.2828004410e-01
708000	2.2926779540e-01
709000	2.3782339791e-01
710000	3.4335004759e-01
711000	2.3171451868e-01
712000	2.5791069458e-01
713000	2.3348386219e-01
714000	2.4484073644e-01
715000	2.5619949860e-01
716000	2.4126882240e-01
717000	2.3728647805e-01
718000	2.3231071880e-01
719000	2.3324900697e-01
720000	2.4346860795e-01
721000	3.3146191720e-01
722000	2.3548428511e-01
723000	2.8629004245e-01
724000	2.4369364610e-01
725000	2.5765356212e-01
726000	2.6148072077e-01
727000	2.6081127004e-01
728000	2.5650496141e-01
729000	2.9489624081e-01
730000	2.6248017704e-01
731000	2.6300086087e-01
732000	2.7130310674e-01
733000	2.6220945164e-01
734000	2.6023621450e-01
735000	2.6613289333e-01
736000	2.6481060550e-01
737000	2.6126059116e-01
738000	2.7614331455e-01
739000	2.6717048523e-01
740000	2.5521439034e-01
741000	2.5786425214e-01
742000	2.4969000620e-01
743000	2.7310794278e-01
744000	2.5223716605e-01
745000	2.5744853576e-01
746000	2.5754104299e-01
747000	2.4935886788e-01
748000	2.6035704039e-01
749000	2.5223565573e-01
750000	2.5093866582e-01
751000	2.5087183394e-01
752000	2.4713227409e-01
753000	2.5101380434e-01
754000	2.4658704747e-01
755000	2.4412068992e-01
756000	2.5107270695e-01
757000	2.4395493197e-01
758000	2.4509711377e-01
759000	2.4532706046e-01
760000	2.4915270874e-01
761000	2.4468819378e-01
762000	2.4562572682e-01
763000	2.5778496021e-01
764000	2.4814834393e-01
765000	2.4659044569e-01
766000	2.4584547884e-01
767000	2.5865188567e-01
768000	2.4799919949e-01
769000	2.4855839665e-01
770000	2.5199475919e-01
771000	2.5033491413e-01
772000	2.4835941155e-01
773000	2.5582116266e-01
774000	2.5209481810e-01
775000	2.5428403134e-01
776000	2.6063154161e-01
777000	2.6266405883e-01
778000	2.5379808486e-01
779000	2.5511735212e-01
780000	2.5313165487e-01
781000	2.5259284710e-01
782000	2.6365483075e-01
783000	2.5270045758e-01
784000	2.5352245098e-01
785000	2.5773172133e-01
786000	2.5826259988e-01
787000	2.5333856908e-01
788000	2.6398823457e-01
789000	2.5893771427e-01
790000	2.5275407411e-01
791000	2.6630582532e-01
792000	2.7963065048e-01
793000	2.6148713962e-01
794000	2.6903271361e-01
795000	2.6634773676e-01
796000	2.8536685748e-01
797000	2.6398974488e-01
798000	2.7065970912e-01
799000	2.7816450439e-01
800000	2.6933364547e-01
801000	2.9239476821e-01
802000	2.6549176121e-01
803000	2.7651183336e-01
804000	2.7588089596e-01
805000	2.7811579651e-01
806000	2.9169511108e-01
807000	2.8170621197e-01
808000	2.9622343718e-01
809000	2.9205494554e-01
810000	2.9993392335e-01
811000	2.7810295875e-01
812000	2.9351580550e-01
813000	2.8428433341e-01
814000	2.9756422649e-01
815000	2.9450846539e-01
816000	2.9138096387e-01
817000	2.9365853110e-01
818000	2.9568651732e-01
819000	2.7303809038e-01
820000	2.6454025763e-01
821000	2.8097106220e-01
822000	2.8818738577e-01
823000	3.0081104347e-01
824000	2.8427300602e-01
825000	2.9985991755e-01
826000	2.9315634863e-01
827000	2.9562044068e-01
828000	2.9332097387e-01
829000	2.9728859256e-01
830000	2.9748908797e-01
831000	3.0212728999e-01
832000	3.0285715364e-01
833000	3.5387020285e-01
834000	2.8889421694e-01
835000	2.9333834257e-01
836000	2.8981173824e-01
837000	2.9451110843e-01
838000	2.8132712090e-01
839000	2.7439247252e-01
840000	2.8473289940e-01
841000	2.7274735318e-01
842000	2.8497568378e-01
843000	2.8551109333e-01
844000	3.0651402334e-01
845000	2.8529776022e-01
846000	2.8641464410e-01
847000	2.9225959431e-01
848000	2.9052574345e-01
849000	2.7917000197e-01
850000	2.9695216811e-01
851000	2.9089652776e-01
852000	3.0876704777e-01
853000	2.9492040596e-01
854000	2.9013570253e-01
855000	2.8343062330e-01
856000	2.8392525413e-01
857000	2.9662178492e-01
858000	2.8159293771e-01
859000	2.7836839802e-01
860000	2.8506328253e-01
861000	2.8544124088e-01
862000	2.8682243131e-01
863000	2.8165901435e-01
864000	2.8406382626e-01
865000	2.9068319465e-01
866000	2.9286900966e-01
867000	2.8110812407e-01
868000	2.8684697405e-01
869000	2.8702217154e-01
870000	2.8867861838e-01
871000	2.9576203349e-01
872000	2.9005376750e-01
873000	2.9323375272e-01
874000	2.8509764239e-01
875000	2.8268565645e-01
876000	2.8979739017e-01
877000	2.8738842485e-01
878000	2.9208892782e-01
879000	2.8637990664e-01
880000	2.8633459698e-01
881000	2.9722704686e-01
882000	2.8597514005e-01
883000	2.9629857576e-01
884000	2.8525358322e-01
885000	2.9269683285e-01
886000	2.8747149266e-01
887000	2.9119255109e-01
888000	2.8696968779e-01
889000	2.9376274336e-01
890000	2.8873827611e-01
891000	2.9660026281e-01
892000	2.9094523564e-01
893000	2.9101735359e-01
894000	2.8858006978e-01
895000	2.9380503239e-01
896000	2.9164715833e-01
897000	2.9274063220e-01
898000	2.9327792965e-01
899000	2.9288600083e-01
900000	2.9793161259e-01
901000	2.9243554693e-01
902000	3.0021333310e-01
903000	3.0089146819e-01
904000	2.9919839604e-01
905000	2.9144515260e-01
906000	3.0811270030e-01
907000	2.9579450545e-01
908000	2.9628422769e-01
909000	2.9638353141e-01
910000	2.9407122685e-01
911000	3.0080915557e-01
912000	3.1200593559e-01
913000	3.0546095059e-01
914000	2.9682190274e-01
915000	3.0678852461e-01
916000	2.9564234038e-01
917000	2.9788932350e-01
918000	2.9764616152e-01
919000	2.9808377760e-01
920000	3.0225680023e-01
921000	2.9553095408e-01
922000	3.0142196914e-01
923000	3.0244596815e-01
924000	3.0131209316e-01
925000	2.9746983130e-01
926000	3.1696319341e-01
927000	3.0381167779e-01
928000	3.0097604630e-01
929000	3.0554175290e-01
930000	2.9713491711e-01
931000	3.0801301898e-01
932000	3.0333743640e-01
933000	3.0841589766e-01
934000	3.0819992145e-01
935000	3.0436483363e-01
936000	3.0529745814e-01
937000	2.9956615972e-01
938000	3.1175446679e-01
939000	3.1017504644e-01
940000	3.0198909546e-01
941000	3.1166649051e-01
942000	3.0350621499e-01
943000	3.1035250943e-01
944000	3.0610132759e-01
945000	3.0389096978e-01
946000	3.1497711863e-01
947000	3.0649627704e-01
948000	3.1387533795e-01
949000	3.0897094141e-01
950000	3.1328178098e-01
951000	3.0951390252e-01
952000	3.1292761018e-01
953000	3.0873646372e-01
954000	3.1416380964e-01
955000	3.0591253721e-01
956000	3.1524218025e-01
957000	3.6941860116e-01
958000	3.2890267478e-01
959000	3.1398747943e-01
960000	3.1339807581e-01
961000	3.1075538811e-01
962000	3.2829476980e-01
963000	3.1539396773e-01
964000	3.0914274068e-01
965000	3.2820264006e-01
966000	3.1531014486e-01
967000	3.1295404088e-01
968000	3.2320649136e-01
969000	3.1695299875e-01
970000	3.1612383138e-01
971000	3.2062195102e-01
972000	3.1493596232e-01
973000	3.2051698357e-01
974000	3.2811957225e-01
975000	3.1184319826e-01
976000	3.2275830297e-01
977000	3.1881522707e-01
978000	3.1445341412e-01
979000	3.3075886185e-01
980000	3.1853355182e-01
981000	3.1650745345e-01
982000	3.2358029630e-01
983000	3.2928818470e-01
984000	3.1922754529e-01
985000	3.2718279440e-01
986000	3.3018871490e-01
987000	3.1878464302e-01
988000	3.2846128289e-01
989000	3.2251249789e-01
990000	3.3197504946e-01
991000	3.2894987235e-01
992000	3.2541345095e-01
993000	3.2066461770e-01
994000	3.2833592605e-01
995000	3.2309321716e-01
996000	3.2215153071e-01
997000	3.2987532282e-01
998000	3.3030689764e-01
999000	3.2677009865e-01
