1000	9.8171003629e-05
2000	2.4127407232e-04
3000	3.8890819997e-04
4000	5.4484902648e-04
5000	7.0230022538e-04
6000	8.8995788246e-04
7000	9.9530292209e-04
8000	1.2048602221e-03
9000	1.3808129006e-03
10000	1.5650722780e-03
11000	1.5726238489e-03
12000	1.8833728391e-03
13000	2.0483756671e-03
14000	2.2798326681e-03
15000	2.4448354379e-03
16000	2.5739680859e-03
17000	2.8869825182e-03
18000	2.4399269023e-03
19000	3.0602921033e-03
20000	3.3110057120e-03
21000	3.7002915051e-03
22000	3.9838546072e-03
23000	3.8988989545e-03
24000	4.0722085396e-03
25000	4.2273942963e-03
26000	5.1294346922e-03
27000	4.3644560501e-03
28000	4.0340729174e-03
29000	6.0167494812e-03
30000	5.5768679013e-03
31000	5.2721601678e-03
32000	5.3714639507e-03
33000	6.2723716837e-03
34000	6.4283125103e-03
35000	6.7322649993e-03
36000	6.8376100389e-03
37000	6.3037108630e-03
38000	5.5919711012e-03
39000	7.2586126626e-03
40000	6.0556402896e-03
41000	8.3418918657e-03
42000	6.5464953077e-03
43000	7.2548367898e-03
44000	6.6862001549e-03
45000	8.6209239671e-03
46000	8.1040159566e-03
47000	8.6870006635e-03
48000	1.7252042715e-02
49000	1.0904532450e-02
50000	1.1446738499e-02
51000	9.3692890950e-03
52000	1.0196568561e-02
53000	1.0599447240e-02
54000	1.0714609351e-02
55000	1.2131669966e-02
56000	1.5735300723e-02
57000	1.1561900552e-02
58000	1.2304224365e-02
59000	1.1132213695e-02
60000	1.0984202032e-02
61000	1.1714443215e-02
62000	1.1437676498e-02
63000	1.2184531312e-02
64000	1.4806074498e-02
65000	1.3165486103e-02
66000	1.5090392786e-02
67000	1.1792602425e-02
68000	1.3641993050e-02
69000	1.5315430996e-02
70000	1.2244944228e-02
71000	1.2393333425e-02
72000	1.1849994713e-02
73000	1.3779432396e-02
74000	1.3671444322e-02
75000	1.3967845240e-02
76000	1.2245321763e-02
77000	1.3959538483e-02
78000	1.4629744284e-02
79000	1.3217592204e-02
80000	1.4358263754e-02
81000	1.5500067966e-02
82000	2.1639153652e-02
83000	1.5400386590e-02
84000	1.6973010497e-02
85000	2.0179803949e-02
86000	1.6292232438e-02
87000	1.5454380657e-02
88000	1.4963525697e-02
89000	1.4763030340e-02
90000	1.5164776240e-02
91000	1.5035266057e-02
92000	1.5549153439e-02
93000	1.5302970773e-02
94000	1.5480811358e-02
95000	1.6589388484e-02
96000	1.7110449902e-02
97000	1.6428539064e-02
98000	1.6511229274e-02
99000	1.6738532868e-02
100000	1.6619594884e-02
101000	1.6817824857e-02
102000	1.7060609243e-02
103000	1.6704550595e-02
104000	1.7147075210e-02
105000	1.8136336876e-02
106000	1.9545090676e-02
107000	1.8072525738e-02
108000	1.8161257205e-02
109000	1.8328147882e-02
110000	1.8334566790e-02
111000	1.8316820438e-02
112000	1.8554696348e-02
113000	1.8706861418e-02
114000	1.9253220758e-02
115000	2.0243615087e-02
116000	2.0075591689e-02
117000	1.9740299962e-02
118000	1.9971756963e-02
119000	2.0000075514e-02
120000	2.0203213964e-02
121000	2.0225868793e-02
122000	2.0334989647e-02
123000	2.1062210202e-02
124000	2.6626617939e-02
125000	2.1132817783e-02
126000	2.1515684726e-02
127000	2.2633323795e-02
128000	2.2077902511e-02
129000	2.2303318197e-02
130000	2.2386008408e-02
131000	2.3435682931e-02
132000	2.6775007194e-02
133000	2.3681865539e-02
134000	2.3207246501e-02
135000	2.3266149103e-02
136000	2.3198939743e-02
137000	2.3524414340e-02
138000	2.3929936113e-02
139000	2.5830677652e-02
140000	2.5037002866e-02
141000	2.4485357397e-02
142000	2.4056048074e-02
143000	2.4814985401e-02
144000	2.4272401817e-02
145000	2.4827823159e-02
146000	2.5483680947e-02
147000	2.6988717902e-02
148000	2.5451964175e-02
149000	2.6960399351e-02
150000	2.5757427036e-02
151000	2.5946217356e-02
152000	2.5723822298e-02
153000	2.7114452270e-02
154000	2.7809956053e-02
155000	2.7320611349e-02
156000	2.6592635666e-02
157000	2.7010239952e-02
158000	2.6618311123e-02
159000	2.7527903265e-02
160000	2.9393152217e-02
161000	2.9717494093e-02
162000	2.8314781550e-02
163000	2.9344821873e-02
164000	3.0166437617e-02
165000	2.8717282636e-02
166000	2.8650828404e-02
167000	3.1178731646e-02
168000	3.0537599523e-02
169000	2.9318013636e-02
170000	3.1204784696e-02
171000	3.0726389901e-02
172000	3.1642400834e-02
173000	3.2121928409e-02
174000	3.0855144898e-02
175000	3.0915557873e-02
176000	3.1691486307e-02
177000	3.1140973559e-02
178000	3.3679826593e-02
179000	3.1893492036e-02
180000	3.2201975468e-02
181000	3.1930494937e-02
182000	3.1677893421e-02
183000	3.1769645517e-02
184000	3.6154490954e-02
185000	3.2543686102e-02
186000	3.2981302182e-02
187000	3.2976771239e-02
188000	3.3125915623e-02
189000	3.5807494191e-02
190000	3.2988098625e-02
191000	3.3022458549e-02
192000	3.4536557388e-02
193000	3.3902221650e-02
194000	3.5270574328e-02
195000	3.6560767854e-02
196000	3.5515624331e-02
197000	3.7580235919e-02
198000	3.5779553233e-02
199000	3.5758031183e-02
200000	3.8177568640e-02
201000	3.5718762723e-02
202000	3.5984579590e-02
203000	3.6356119032e-02
204000	3.7921191368e-02
205000	3.8796045992e-02
206000	3.6390856490e-02
207000	3.6466750200e-02
208000	3.7073522515e-02
209000	4.0113802883e-02
210000	3.7166029797e-02
211000	3.8415066956e-02
212000	3.9749437419e-02
213000	5.1279998792e-02
214000	3.9144930604e-02
215000	3.8424884086e-02
216000	3.8195692585e-02
217000	3.8766594662e-02
218000	4.1306580475e-02
219000	3.9685626223e-02
220000	3.9569708984e-02
221000	4.0491761174e-02
222000	3.9109060424e-02
223000	4.1928833583e-02
224000	4.0481944103e-02
225000	4.0471749380e-02
226000	4.0593707992e-02
227000	4.3047227780e-02
228000	4.1630167165e-02
229000	4.2477458424e-02
230000	4.1356421134e-02
231000	4.1428161494e-02
232000	4.3345139013e-02
233000	4.3160879635e-02
234000	4.1761187720e-02
235000	4.2492184031e-02
236000	4.4331757585e-02
237000	4.4398211758e-02
238000	4.2666248861e-02
239000	4.2285269825e-02
240000	4.4385751651e-02
241000	4.3743109156e-02
242000	4.2927912262e-02
243000	4.3606802472e-02
244000	4.4223391858e-02
245000	4.6096947626e-02
246000	4.5432027895e-02
247000	4.3140112655e-02
248000	4.5668393432e-02
249000	4.6223059646e-02
250000	4.3600383622e-02
251000	4.5028394088e-02
252000	4.5287792105e-02
253000	4.6520215634e-02
254000	4.7980320523e-02
255000	4.5698977541e-02
256000	4.8032049090e-02
257000	4.7297654499e-02
258000	4.7367506952e-02
259000	4.6705230256e-02
260000	5.0189545553e-02
261000	4.9640920653e-02
262000	4.9908247893e-02
263000	5.0832943176e-02
264000	5.2359879774e-02
265000	4.8958632280e-02
266000	5.0856353133e-02
267000	4.9768542987e-02
268000	5.0874099485e-02
269000	4.9931657908e-02
270000	5.1716859743e-02
271000	5.5051653064e-02
272000	5.1175408938e-02
273000	5.0423267996e-02
274000	5.4472821706e-02
275000	5.1007763075e-02
276000	5.0501427264e-02
277000	5.2565661317e-02
278000	5.4214934120e-02
279000	5.1929437730e-02
280000	5.0405521761e-02
281000	5.1341544488e-02
282000	5.1918110286e-02
283000	5.1566960174e-02
284000	5.1588482223e-02
285000	5.5427345913e-02
286000	5.2501094993e-02
287000	5.3294392186e-02
288000	5.3750509745e-02
289000	5.4788479232e-02
290000	5.2731419273e-02
291000	5.3008563526e-02
292000	5.6207805348e-02
293000	5.4178308754e-02
294000	5.4501517850e-02
295000	6.5345637384e-02
296000	5.3963087732e-02
297000	5.3706332808e-02
298000	5.6121716916e-02
299000	5.8866351552e-02
300000	5.5063358042e-02
301000	5.6145504524e-02
302000	5.8158765198e-02
303000	5.7911449752e-02
304000	5.7368111040e-02
305000	5.8468759002e-02
306000	5.7086813380e-02
307000	5.7037350256e-02
308000	5.8939602168e-02
309000	5.9442162164e-02
310000	5.7955249154e-02
311000	6.0642869037e-02
312000	5.8264110179e-02
313000	5.7447780564e-02
314000	5.8545030246e-02
315000	5.8489525924e-02
316000	5.6871969893e-02
317000	5.9253749379e-02
318000	6.1562278192e-02
319000	5.9979837213e-02
320000	6.0769736185e-02
321000	6.0308332439e-02
322000	5.9547129611e-02
323000	6.2084094796e-02
324000	6.0661748052e-02
325000	6.1379906663e-02
326000	6.1515080568e-02
327000	6.3108093804e-02
328000	6.5450227296e-02
329000	6.4715455112e-02
330000	6.2433734594e-02
331000	6.3099031860e-02
332000	6.4164942363e-02
333000	6.3970488322e-02
334000	6.2220401422e-02
335000	6.8373079994e-02
336000	6.3924045826e-02
337000	6.1942879576e-02
338000	6.9924559386e-02
339000	6.4044116531e-02
340000	6.6268067225e-02
341000	6.9966093230e-02
342000	6.6413435794e-02
343000	6.7106296541e-02
344000	6.7712313670e-02
345000	6.5191962058e-02
346000	6.8605669774e-02
347000	6.4753213257e-02
348000	6.5071513818e-02
349000	6.8003805995e-02
350000	6.4994487329e-02
351000	6.5874250489e-02
352000	6.8814471888e-02
353000	6.6001495230e-02
354000	6.6466297139e-02
355000	7.1386929660e-02
356000	6.6920904384e-02
357000	6.9457869569e-02
358000	7.0259851112e-02
359000	6.8423298246e-02
360000	7.2557430074e-02
361000	6.8225068331e-02
362000	7.0543036680e-02
363000	6.8049870839e-02
364000	7.0002718538e-02
365000	6.9878494483e-02
366000	6.8700820091e-02
367000	6.7798024509e-02
368000	7.0859449334e-02
369000	6.8341740756e-02
370000	6.8922460021e-02
371000	6.8660796504e-02
372000	6.9015344896e-02
373000	7.4354714481e-02
374000	7.0136759779e-02
375000	7.0400311146e-02
376000	7.3069051956e-02
377000	7.1461690648e-02
378000	7.0928546600e-02
379000	6.9712358934e-02
380000	7.0661974605e-02
381000	7.3209134396e-02
382000	7.0692181063e-02
383000	7.5526347617e-02
384000	7.3463623878e-02
385000	7.4132697016e-02
386000	7.5486701564e-02
387000	7.3917475936e-02
388000	7.6836930413e-02
389000	7.5180483575e-02
390000	7.4548413395e-02
391000	7.9540408682e-02
392000	7.5107610552e-02
393000	8.0589328078e-02
394000	8.1121339346e-02
395000	8.5000981751e-02
396000	7.8019890992e-02
397000	7.8413330135e-02
398000	7.7064989193e-02
399000	7.6999290148e-02
400000	8.0745646497e-02
401000	7.8794686648e-02
402000	7.5432707556e-02
403000	7.6761036646e-02
404000	7.6227515063e-02
405000	8.2830647472e-02
406000	7.8727854940e-02
407000	8.1563863961e-02
408000	7.8405400913e-02
409000	8.3036429016e-02
410000	7.7296068601e-02
411000	7.7497319202e-02
412000	7.9373895540e-02
413000	7.7342511097e-02
414000	7.8846792807e-02
415000	7.9039359058e-02
416000	8.3702481468e-02
417000	7.9899110424e-02
418000	7.9565329012e-02
419000	8.0928773154e-02
420000	7.7746144903e-02
421000	8.3899201069e-02
422000	7.8982721898e-02
423000	8.4687589668e-02
424000	8.1663545338e-02
425000	8.4882798896e-02
426000	1.1222266697e-01
427000	8.6071423138e-02
428000	8.2155910670e-02
429000	8.2801573735e-02
430000	8.2576913177e-02
431000	7.9841718136e-02
432000	8.5087447718e-02
433000	8.1630318193e-02
434000	8.5244898859e-02
435000	8.0577245448e-02
436000	8.8977662323e-02
437000	8.4671353747e-02
438000	8.7936672149e-02
439000	8.5583211214e-02
440000	8.6074443825e-02
441000	8.3562399028e-02
442000	8.8280270633e-02
443000	8.2683013403e-02
444000	8.4276026639e-02
445000	8.3567685098e-02
446000	8.4123483975e-02
447000	8.8380707137e-02
448000	8.6346679600e-02
449000	9.0555194707e-02
450000	8.6087659176e-02
451000	8.7913639727e-02
452000	8.5474090418e-02
453000	8.9504387463e-02
454000	8.7721828721e-02
455000	8.9727915300e-02
456000	8.7068236375e-02
457000	9.0423796617e-02
458000	9.1554651037e-02
459000	9.9961109168e-02
460000	8.9351089671e-02
461000	9.2626225261e-02
462000	8.8535515242e-02
463000	8.9763030293e-02
464000	8.9410369867e-02
465000	9.0456646169e-02
466000	9.0106251242e-02
467000	9.5882481721e-02
468000	8.9836658561e-02
469000	9.9393982906e-02
470000	9.1524822114e-02
471000	9.5188488311e-02
472000	9.1087583627e-02
473000	9.6472640464e-02
474000	9.2301883386e-02
475000	9.7617087769e-02
476000	9.0230097703e-02
477000	9.5083143329e-02
478000	9.0942970186e-02
479000	9.4849798363e-02
480000	9.1395689524e-02
481000	9.6098835522e-02
482000	9.2351346451e-02
483000	9.6099590708e-02
484000	9.1338674829e-02
485000	9.8086043086e-02
486000	9.2947546509e-02
487000	9.7129631031e-02
488000	9.3814471969e-02
489000	9.8092084401e-02
490000	9.8260485451e-02
491000	1.0057845374e-01
492000	9.8212532641e-02
493000	9.5040099055e-02
494000	9.5672924421e-02
495000	9.8371116561e-02
496000	9.4165622024e-02
497000	9.5132606337e-02
498000	9.8641464370e-02
499000	9.5720877172e-02
500000	9.9215387134e-02
501000	9.7065064707e-02
502000	9.8468154843e-02
503000	9.5710304915e-02
504000	9.8517240374e-02
505000	9.6501714201e-02
506000	1.0000792920e-01
507000	9.8430774349e-02
508000	1.0723897844e-01
509000	9.9831221451e-02
510000	9.6394481312e-02
511000	1.0401481629e-01
512000	1.0201930191e-01
513000	1.0380299349e-01
514000	9.9768920569e-02
515000	1.0272386763e-01
516000	1.0006834212e-01
517000	1.0153977439e-01
518000	1.0164360906e-01
519000	1.0041382851e-01
520000	1.0949426831e-01
521000	1.0308256937e-01
522000	1.1218226579e-01
523000	1.0390607297e-01
524000	1.0841249942e-01
525000	1.2368488620e-01
526000	1.0877120111e-01
527000	1.1091548234e-01
528000	1.0674057179e-01
529000	1.0699808190e-01
530000	1.0640867834e-01
531000	1.0627803532e-01
532000	1.1008820287e-01
533000	1.0629578168e-01
534000	1.1022262159e-01
535000	1.0937042179e-01
536000	1.0756143241e-01
537000	1.0811383300e-01
538000	1.0703621752e-01
539000	1.1045785440e-01
540000	1.1021544761e-01
541000	1.0662087874e-01
542000	1.0737906088e-01
543000	1.0424325260e-01
544000	1.0955430369e-01
545000	1.0562557582e-01
546000	1.0874892387e-01
547000	1.0929754871e-01
548000	1.0756369785e-01
549000	1.1038309342e-01
550000	1.0698713205e-01
551000	1.0972685803e-01
552000	1.1076293973e-01
553000	1.1008102883e-01
554000	1.1658674543e-01
555000	1.1240088509e-01
556000	1.1497372040e-01
557000	1.1796906858e-01
558000	1.1126889789e-01
559000	1.1576664000e-01
560000	1.1018977209e-01
561000	1.1412378610e-01
562000	1.1088338797e-01
563000	1.1039177782e-01
564000	1.1238955765e-01
565000	1.1436808086e-01
566000	1.0964492307e-01
567000	1.1730188335e-01
568000	1.0981634475e-01
569000	1.1614724144e-01
570000	1.1315189319e-01
571000	1.1102498078e-01
572000	1.1748236697e-01
573000	1.1447908956e-01
574000	1.1206446058e-01
575000	1.1319607013e-01
576000	1.1218113301e-01
577000	1.2117586198e-01
578000	1.1608229752e-01
579000	1.1266103818e-01
580000	1.1697791907e-01
581000	1.1562882300e-01
582000	1.1414379789e-01
583000	1.1704437324e-01
584000	1.1555066379e-01
585000	1.1931665434e-01
586000	1.1698018457e-01
587000	1.1755410733e-01
588000	1.2317099876e-01
589000	1.2312644423e-01
590000	1.2976808986e-01
591000	1.2256498163e-01
592000	1.1869817704e-01
593000	1.1844179966e-01
594000	1.1920602317e-01
595000	1.1640286358e-01
596000	1.2041239371e-01
597000	1.3599741732e-01
598000	1.2195330084e-01
599000	1.2013638217e-01
600000	1.2307093985e-01
601000	1.1993286619e-01
602000	1.2095950823e-01
603000	1.2337829062e-01
604000	1.2173770223e-01
605000	1.2161763146e-01
606000	1.2706272374e-01
607000	1.1888696742e-01
608000	1.1952734436e-01
609000	1.2197859871e-01
610000	1.1949411733e-01
611000	1.2060571503e-01
612000	1.2412816600e-01
613000	1.2214322394e-01
614000	1.2771178508e-01
615000	1.2827815622e-01
616000	1.2076014560e-01
617000	1.2357652053e-01
618000	1.2715862918e-01
619000	1.2274622044e-01
620000	1.2691093626e-01
621000	1.3003352919e-01
622000	1.2587334431e-01
623000	1.2521220039e-01
624000	1.2730890635e-01
625000	1.2519936264e-01
626000	1.2233994348e-01
627000	1.2439209496e-01
628000	1.2352063856e-01
629000	1.2373661477e-01
630000	1.2689130206e-01
631000	1.2694793916e-01
632000	1.2347268581e-01
633000	1.3109226566e-01
634000	1.2880903477e-01
635000	1.2703289487e-01
636000	1.2570683117e-01
637000	1.3085967588e-01
638000	1.2760870549e-01
639000	1.4498988079e-01
640000	1.3089705643e-01
641000	1.3165108516e-01
642000	1.2725226925e-01
643000	1.3259163889e-01
644000	1.3006826659e-01
645000	1.3127954572e-01
646000	1.2926741777e-01
647000	1.3414991467e-01
648000	1.3324674149e-01
649000	1.2953814323e-01
650000	1.3440100587e-01
651000	1.3939753216e-01
652000	1.3171602908e-01
653000	1.3293448219e-01
654000	1.4763294620e-01
655000	1.3782188762e-01
656000	1.4212555316e-01
657000	1.3694212446e-01
658000	1.3927934936e-01
659000	1.3963578560e-01
660000	1.3582712843e-01
661000	1.3927293045e-01
662000	1.4018365531e-01
663000	1.3938469440e-01
664000	1.3653395959e-01
665000	1.3867522014e-01
666000	1.4166830282e-01
667000	1.4720099384e-01
668000	1.3820060110e-01
669000	1.3520260982e-01
670000	1.3773844222e-01
671000	1.3997636345e-01
672000	1.4053253992e-01
673000	1.3300433464e-01
674000	1.3710221864e-01
675000	1.3847359200e-01
676000	1.3408836897e-01
677000	1.3352766156e-01
678000	1.3804994640e-01
679000	1.3807902008e-01
680000	1.3996201538e-01
681000	1.3763649546e-01
682000	1.4543769159e-01
683000	1.4294226037e-01
684000	1.4233057952e-01
685000	1.3851286040e-01
686000	1.4378841885e-01
687000	1.4451941522e-01
688000	1.4633444592e-01
689000	1.4134471613e-01
690000	1.3807826495e-01
691000	1.4003224537e-01
692000	1.4469234715e-01
693000	1.4093277557e-01
694000	1.3872996933e-01
695000	1.4178308740e-01
696000	1.4445598162e-01
697000	1.3812357461e-01
698000	1.3709428947e-01
699000	1.4372423012e-01
700000	1.4930147561e-01
701000	1.4462476020e-01
702000	1.4174004318e-01
703000	1.4082063403e-01
704000	1.4993732161e-01
705000	1.4666671702e-01
706000	1.4281048469e-01
707000	1.3834294904e-01
708000	1.4581527241e-01
709000	1.4423887269e-01
710000	1.4532555017e-01
711000	1.4316956396e-01
712000	1.4283238433e-01
713000	1.4301626617e-01
714000	1.4569293626e-01
715000	1.4889293315e-01
716000	1.4347880264e-01
717000	1.4552302490e-01
718000	1.5555647848e-01
719000	1.4751287556e-01
720000	1.4974400023e-01
721000	1.7378758820e-01
722000	1.4380767546e-01
723000	1.5106591053e-01
724000	1.5010685532e-01
725000	1.6966251831e-01
726000	1.4737392578e-01
727000	1.4817590732e-01
728000	1.5073024121e-01
729000	1.5457590128e-01
730000	1.5245616290e-01
731000	1.4723044512e-01
732000	1.4940606547e-01
733000	1.4837564755e-01
734000	1.4918895654e-01
735000	1.5084427060e-01
736000	1.5200193325e-01
737000	1.5122034104e-01
738000	1.4715945988e-01
739000	1.4915799489e-01
740000	1.5266307711e-01
741000	1.5441693977e-01
742000	1.4913534006e-01
743000	1.4884384774e-01
744000	1.4901300386e-01
745000	1.5515813086e-01
746000	1.5333290538e-01
747000	1.5474996599e-01
748000	1.5299610340e-01
749000	1.5539298602e-01
750000	1.5163719020e-01
751000	1.5385245654e-01
752000	1.5744438238e-01
753000	1.5743116703e-01
754000	1.6020223225e-01
755000	1.4945968194e-01
756000	1.5277219797e-01
757000	1.5589894430e-01
758000	1.5332233318e-01
759000	1.5974649228e-01
760000	1.5290586156e-01
761000	1.5180068265e-01
762000	1.5130416397e-01
763000	1.5230701846e-01
764000	1.5602392354e-01
765000	1.5594576427e-01
766000	1.6029134131e-01
767000	1.5735678363e-01
768000	1.5810892452e-01
769000	1.6167139902e-01
770000	1.6256513272e-01
771000	1.5819539054e-01
772000	1.5880782646e-01
773000	1.6413473594e-01
774000	1.5874628082e-01
775000	1.5648419445e-01
776000	1.5712608176e-01
777000	1.6497938411e-01
778000	1.6244015348e-01
779000	1.6109445563e-01
780000	1.6198177036e-01
781000	1.6282981681e-01
782000	1.6208296205e-01
783000	1.5825957921e-01
784000	1.5942781407e-01
785000	1.6424498946e-01
786000	1.6611552460e-01
787000	1.8298243498e-01
788000	1.7807237466e-01
789000	1.7295502260e-01
790000	1.7330013140e-01
791000	1.6501827491e-01
792000	1.6790261434e-01
793000	1.6564317112e-01
794000	1.6756241408e-01
795000	1.6076256207e-01
796000	1.6247375810e-01
797000	1.6827906237e-01
798000	1.6603132407e-01
799000	1.6583875794e-01
800000	1.6638322937e-01
801000	1.7342435545e-01
802000	1.7149491777e-01
803000	1.6816843121e-01
804000	1.5772303694e-01
805000	1.6202556976e-01
806000	1.6217924515e-01
807000	1.6957265406e-01
808000	1.6665659781e-01
809000	1.6716180090e-01
810000	1.6953942698e-01
811000	1.7162254005e-01
812000	1.6772703931e-01
813000	1.6716784221e-01
814000	1.6488800955e-01
815000	1.6980033531e-01
816000	1.6792942263e-01
817000	1.7385668540e-01
818000	1.7135256983e-01
819000	1.7261784297e-01
820000	1.7124005075e-01
821000	1.7634758574e-01
822000	1.6951261874e-01
823000	1.6834891483e-01
824000	1.6679894581e-01
825000	1.6854827746e-01
826000	1.7075032851e-01
827000	1.7134841642e-01
828000	1.6392593371e-01
829000	1.6511153738e-01
830000	1.6832928063e-01
831000	1.7372944072e-01
832000	1.7149491777e-01
833000	1.7787678784e-01
834000	1.7997915752e-01
835000	1.7470133357e-01
836000	1.7491693224e-01
837000	1.6911917960e-01
838000	1.6859925090e-01
839000	1.7133029253e-01
840000	1.7310643243e-01
841000	1.7065329023e-01
842000	1.7101803329e-01
843000	1.7550935643e-01
844000	1.7345871532e-01
845000	1.7205298215e-01
846000	1.7559468967e-01
847000	1.7721753183e-01
848000	1.7660434067e-01
849000	1.7738404498e-01
850000	1.8042508041e-01
851000	1.8116589385e-01
852000	2.3502703483e-01
853000	1.8773013551e-01
854000	1.8147248944e-01
855000	1.7894534138e-01
856000	1.7763098277e-01
857000	1.7512271379e-01
858000	1.7692075338e-01
859000	1.8155782268e-01
860000	1.7972240259e-01
861000	1.7417838424e-01
862000	1.7438794154e-01
863000	1.7836009117e-01
864000	1.8173226505e-01
865000	1.8089856673e-01
866000	1.8135279632e-01
867000	1.7724245216e-01
868000	1.8416388519e-01
869000	1.7753960827e-01
870000	1.7626867135e-01
871000	1.7253062181e-01
872000	1.7800818593e-01
873000	1.7814373749e-01
874000	1.8144228298e-01
875000	1.7920549458e-01
876000	1.8075508601e-01
877000	1.8093972298e-01
878000	1.8045528687e-01
879000	1.8070600048e-01
880000	1.8367642839e-01
881000	1.8509046838e-01
882000	1.8188896106e-01
883000	1.8193464831e-01
884000	1.9275460270e-01
885000	1.8631911615e-01
886000	1.8073885003e-01
887000	1.8107791757e-01
888000	1.9496609329e-01
889000	1.7884981347e-01
890000	1.7789755476e-01
891000	1.7939579528e-01
892000	1.7995612510e-01
893000	1.8325089489e-01
894000	1.7754036334e-01
895000	1.8558925251e-01
896000	1.8859479541e-01
897000	1.8978757306e-01
898000	1.8495529442e-01
899000	1.8624662067e-01
900000	1.8625908083e-01
901000	1.9633104769e-01
902000	1.8475102325e-01
903000	1.8598797783e-01
904000	1.8538196071e-01
905000	1.8671066739e-01
906000	1.9002695929e-01
907000	1.9200246182e-01
908000	1.9122577820e-01
909000	1.9327906240e-01
910000	1.8627154100e-01
911000	1.8826214678e-01
912000	1.8700140459e-01
913000	1.9206211960e-01
914000	1.9189900468e-01
915000	1.9146327651e-01
916000	1.9655155489e-01
917000	2.0186147315e-01
918000	2.1415059431e-01
919000	2.0414621441e-01
920000	1.9583264110e-01
921000	1.9450582226e-01
922000	1.9075569016e-01
923000	1.9678414462e-01
924000	1.9567594508e-01
925000	1.9963714486e-01
926000	1.9426568097e-01
927000	1.9406896137e-01
928000	1.9468404038e-01
929000	1.9576052320e-01
930000	1.9972927455e-01
931000	1.9347313890e-01
932000	1.9654287054e-01
933000	2.0075931493e-01
934000	2.0180106023e-01
935000	1.9364153995e-01
936000	1.9751740649e-01
937000	1.9582282403e-01
938000	2.0750706078e-01
939000	1.9879023125e-01
940000	1.9633482350e-01
941000	2.0150390419e-01
942000	2.0025448943e-01
943000	1.9566839351e-01
944000	1.9686759001e-01
945000	1.9895372371e-01
946000	2.0159150293e-01
947000	1.9951631903e-01
948000	1.9626836927e-01
949000	2.0327589067e-01
950000	2.0454607240e-01
951000	1.9944382354e-01
952000	2.0154732594e-01
953000	1.9811398408e-01
954000	1.9653607404e-01
955000	1.9551169744e-01
956000	1.9464665995e-01
957000	1.9712019147e-01
958000	1.9699634501e-01
959000	1.9914968812e-01
960000	2.0292058721e-01
961000	1.9977798255e-01
962000	1.9812531152e-01
963000	1.9972851948e-01
964000	2.0057279005e-01
965000	2.0477564150e-01
966000	2.0555459062e-01
967000	2.1210523933e-01
968000	1.9819516392e-01
969000	1.9995242485e-01
970000	2.0498217817e-01
971000	2.0531558205e-01
972000	2.0039872528e-01
973000	1.9983122137e-01
974000	2.0728957426e-01
975000	2.0650986995e-01
976000	1.9879362942e-01
977000	2.0194907190e-01
978000	2.0540884446e-01
979000	2.0933606202e-01
980000	2.1182431921e-01
981000	2.2402999498e-01
982000	2.1212751657e-01
983000	2.1531165513e-01
984000	2.0996284601e-01
985000	2.0671451878e-01
986000	2.0960452186e-01
987000	2.0821238164e-01
988000	2.0247692982e-01
989000	2.0536164683e-01
990000	2.0377996104e-01
991000	2.1698660345e-01
992000	2.0419907570e-01
993000	2.0927602664e-01
994000	2.0319735393e-01
995000	2.0613493229e-01
996000	2.0409071003e-01
997000	2.0995076344e-01
998000	2.0746854757e-01
999000	2.1063682769e-01
